data
similarities
10 nodes
6 decimal places
0 minimum value
1 maximum value
full matrix
1.000000 0.296894 0.205123 0.255417 0.336087 0.275317 0.244985 0.274485 0.269346 0.315533
0.296894 1.000000 0.119816 0.136018 0.104440 0.121317 0.136700 0.081363 0.112353 0.105204
0.205123 0.119816 1.000000 0.089358 0.258491 0.094626 0.054084 0.081657 0.095197 0.122188
0.255417 0.136018 0.089358 1.000000 0.169990 0.127681 0.114842 0.183785 0.155061 0.162479
0.336087 0.104440 0.258491 0.169990 1.000000 0.180168 0.108022 0.155153 0.132367 0.129565
0.275317 0.121317 0.094626 0.127681 0.180168 1.000000 0.097631 0.132065 0.096826 0.110854
0.244985 0.136700 0.054084 0.114842 0.108022 0.097631 1.000000 0.154285 0.109249 0.100125
0.274485 0.081363 0.081657 0.183785 0.155153 0.132065 0.154285 1.000000 0.222632 0.208013
0.269346 0.112353 0.095197 0.155061 0.132367 0.096826 0.109249 0.222632 1.000000 0.225670
0.315533 0.105204 0.122188 0.162479 0.129565 0.110854 0.100125 0.208013 0.225670 1.000000
