data
similarities
100 nodes
6 decimal places
0 minimum value
1 maximum value
full matrix
1.000000 0.378087 0.166419 0.505695 0.114399 0.534275 0.221774 0.469981 0.136900 0.000000 0.164550 0.354435 0.381290 0.488182 0.538045 0.598035 0.240279 0.644119 0.000000 0.683099 0.605038 0.647449 0.000000 0.345201 0.542048 0.264281 0.595747 0.509416 0.163507 0.680722 0.000000 0.431463 0.000000 0.488182 0.157539 0.000003 0.541524 0.000000 0.003667 0.782988 0.313103 0.266839 0.000000 0.373220 0.751941 0.672271 0.516104 0.492597 0.663918 0.691436 0.701577 0.637094 0.589316 0.369550 0.242652 0.533343 0.298376 0.148778 0.518346 0.362898 0.359950 0.028140 0.527029 0.794068 0.233565 0.422341 0.476522 0.639764 0.417383 0.732511 0.542031 0.134020 0.628797 0.439019 0.429329 0.684790 0.501384 0.748006 0.284404 0.245007 0.000006 0.832701 0.772602 0.505783 0.147971 0.000000 0.488182 0.620645 0.000000 0.623486 0.381098 0.766937 0.057163 0.000000 0.136900 0.670165 0.000000 0.557936 0.024036 0.030951
0.378087 1.000000 0.000000 0.000000 0.310702 0.212000 0.346442 0.305266 0.000000 0.000000 0.350422 0.911338 0.125965 0.774479 0.309461 0.010501 0.476700 0.000000 0.000000 0.000000 0.083622 0.725147 0.632600 0.032336 0.000000 0.419263 0.188450 0.065308 0.259388 0.302032 0.000000 0.000011 0.632600 0.774479 0.000000 0.000000 0.227420 0.000000 0.000000 0.466083 0.024142 0.000881 0.632600 0.000001 0.181000 0.784221 0.440512 0.356272 0.670780 0.303810 0.498022 0.541202 0.162425 0.000000 0.384947 0.094726 0.515673 0.227745 0.000000 0.241170 0.000194 0.038534 0.000176 0.257032 0.000000 0.299910 0.217592 0.102767 0.699581 0.394960 0.000000 0.000000 0.711679 0.973149 0.293160 0.000000 0.220997 0.422188 0.000000 0.248917 0.000000 0.000000 0.509412 0.054648 0.000000 0.000000 0.774479 0.902639 0.000000 0.226937 0.601696 0.126669 0.000000 0.000000 0.000000 0.000000 0.000000 0.231616 0.000000 0.000000
0.166419 0.000000 1.000000 0.324656 0.042395 0.177889 0.000000 0.267214 0.000000 0.243060 0.155611 0.274240 0.648816 0.000000 0.143391 0.586783 0.536590 0.751399 0.000000 0.245536 0.215266 0.000000 0.000000 0.544097 0.000000 0.372361 0.337169 0.188741 0.098599 0.518714 0.000000 0.319758 0.000000 0.000000 0.265273 0.812923 0.000001 0.000000 0.000000 0.244338 0.320604 0.762104 0.000000 0.137501 0.241857 0.116554 0.361724 0.169346 0.000021 0.462600 0.135324 0.156643 0.290144 0.095154 0.000000 0.118578 0.427452 0.185938 0.346133 0.167453 0.133377 0.001323 0.457694 0.245275 0.000014 0.068306 0.124367 0.211944 0.653029 0.440323 0.000016 0.000000 0.000037 0.000000 0.000000 0.060100 0.580685 0.082011 0.954562 0.538647 0.000000 0.144062 0.195894 0.746437 0.816377 0.937686 0.000000 0.081191 0.000000 0.708346 0.107237 0.213919 0.796437 0.937687 0.000000 0.248326 0.937686 0.185010 0.071232 0.236771
0.505695 0.000000 0.324656 1.000000 0.128804 0.691046 0.000018 0.855604 0.000000 0.564770 0.101223 0.000000 0.541742 0.000000 0.435732 0.665939 0.331718 0.427241 0.000000 0.746107 0.803590 0.000000 0.000000 0.374157 0.000000 0.000015 0.652709 0.787907 0.229120 0.537930 0.334123 0.660192 0.000000 0.000000 0.645640 0.000010 0.000003 0.210883 0.000000 0.634034 0.441423 0.250908 0.000000 0.517403 0.725820 0.354176 0.630756 0.661162 0.000064 0.743459 0.563173 0.477257 0.905263 0.289142 0.000018 0.476445 0.299892 0.476279 0.941617 0.310868 0.405292 0.120028 0.536392 0.760094 0.000053 0.297538 0.636439 0.644030 0.209474 0.676464 0.000037 0.000000 0.000036 0.000000 0.000008 0.182626 0.589151 0.315231 0.309588 0.000153 0.000021 0.437793 0.506452 0.312591 0.000008 0.000000 0.000000 0.313765 0.334123 0.784153 0.279580 0.567356 0.081241 0.000000 0.000000 0.754584 0.000000 0.532690 0.356771 0.550157
0.114399 0.310702 0.042395 0.128804 1.000000 0.633726 0.763671 0.477492 0.000000 0.000000 0.549567 0.271043 0.181368 0.000000 0.843879 0.150660 0.409878 0.096655 0.000145 0.168755 0.212875 0.000010 0.491151 0.697768 0.000028 0.633057 0.561595 0.180357 0.726450 0.116151 0.000000 0.043662 0.491151 0.000000 0.049082 0.425744 0.000044 0.000113 0.000145 0.252682 0.052395 0.061052 0.491151 0.051579 0.385146 0.509525 0.507019 0.448841 0.013327 0.417101 0.402135 0.768062 0.424620 0.065459 0.741205 0.061969 0.468203 0.487492 0.132008 0.185485 0.091942 0.245919 0.375174 0.457281 0.770846 0.849298 0.085515 0.225455 0.400237 0.451838 0.000029 0.000030 0.245232 0.214804 0.567063 0.134487 0.298018 0.323433 0.070035 0.005270 0.854191 0.099033 0.049321 0.478318 0.349600 0.000014 0.000000 0.262033 0.000000 0.099647 0.844383 0.141734 0.000067 0.000014 0.000000 0.170672 0.000014 0.414862 0.005714 0.000000
0.534275 0.212000 0.177889 0.691046 0.633726 1.000000 0.383290 0.860552 0.176421 0.090750 0.418831 0.184909 0.695860 0.000009 0.822934 0.553793 0.540056 0.474585 0.000000 0.646848 0.841921 0.058040 0.335114 0.564685 0.165243 0.314107 0.880073 0.830785 0.397260 0.581377 0.497609 0.632437 0.335114 0.000009 0.258287 0.211236 0.224159 0.314069 0.004725 0.714158 0.626993 0.411245 0.335114 0.479772 0.721875 0.538911 0.857126 0.759092 0.127425 0.767102 0.800459 0.803582 0.860863 0.385763 0.367769 0.572352 0.563817 0.378617 0.542889 0.286641 0.337152 0.297729 0.819537 0.852980 0.453674 0.839460 0.704114 0.677381 0.346314 0.740119 0.165244 0.172710 0.282950 0.146570 0.454595 0.357407 0.628449 0.569008 0.269639 0.122445 0.423825 0.549325 0.314246 0.539774 0.218560 0.000000 0.000009 0.445752 0.497609 0.561485 0.651631 0.490721 0.086720 0.000000 0.176421 0.627527 0.000000 0.711759 0.516965 0.128278
0.221774 0.346442 0.000000 0.000018 0.763671 0.383290 1.000000 0.126426 0.024790 0.000000 0.266374 0.324772 0.009592 0.447322 0.528609 0.006068 0.014009 0.007104 0.000010 0.003705 0.004362 0.418830 0.000000 0.700192 0.000000 0.904734 0.360506 0.000051 0.910148 0.195952 0.000000 0.000084 0.000000 0.447322 0.030471 0.445588 0.150271 0.000008 0.000674 0.272155 0.000086 0.046027 0.000000 0.000008 0.346364 0.601103 0.148882 0.604276 0.409852 0.478435 0.454957 0.521314 0.160217 0.020422 0.998111 0.065898 0.005794 0.640377 0.000000 0.001362 0.000009 0.278575 0.317436 0.218161 0.806783 0.599535 0.126355 0.012275 0.472982 0.367658 0.000000 0.024271 0.228639 0.402274 0.355261 0.097498 0.000026 0.454929 0.001712 0.156612 0.894029 0.009184 0.295718 0.461578 0.365884 0.000000 0.447322 0.367926 0.000000 0.133691 0.613586 0.146992 0.010355 0.000000 0.024790 0.000000 0.000000 0.159337 0.000314 0.005603
0.469981 0.305266 0.267214 0.855604 0.477492 0.860552 0.126426 1.000000 0.000000 0.382893 0.403502 0.266256 0.609062 0.000000 0.724620 0.618900 0.645146 0.397066 0.000000 0.693411 0.819217 0.000000 0.482557 0.413259 0.000000 0.104802 0.763742 0.794339 0.275587 0.505003 0.329738 0.569887 0.482557 0.000000 0.472443 0.070480 0.000002 0.208116 0.000000 0.680027 0.445351 0.250003 0.482557 0.452578 0.704805 0.537697 0.886021 0.647778 0.002349 0.723001 0.657308 0.773073 0.950444 0.268721 0.122707 0.433941 0.672075 0.418088 0.785114 0.392930 0.376815 0.158759 0.559947 0.856133 0.127637 0.604735 0.606355 0.676936 0.380197 0.752491 0.000025 0.000000 0.240947 0.211045 0.279820 0.185147 0.717833 0.371986 0.287723 0.005229 0.141412 0.406875 0.398136 0.357982 0.057873 0.000000 0.000000 0.498083 0.329738 0.665403 0.625535 0.476340 0.055078 0.000000 0.000000 0.701290 0.000000 0.670192 0.350643 0.372985
0.136900 0.000000 0.000000 0.000000 0.000000 0.176421 0.024790 0.000000 1.000000 0.000000 0.000000 0.000000 0.376883 0.000000 0.000000 0.000000 0.253369 0.286564 0.000000 0.149473 0.175949 0.000000 0.000000 0.000000 0.000000 0.000000 0.334845 0.000000 0.000000 0.500356 0.000000 0.000458 0.000000 0.000000 0.344262 0.000001 0.763047 0.000000 0.026784 0.119691 0.000000 0.109239 0.000000 0.000000 0.142651 0.000000 0.014118 0.001775 0.350708 0.000000 0.242685 0.000000 0.079094 0.823634 0.000000 0.449292 0.233736 0.000000 0.000000 0.000000 0.000001 0.000000 0.151533 0.050034 0.000000 0.140125 0.027259 0.495141 0.000102 0.286782 0.000000 0.978963 0.000000 0.000000 0.000000 0.000000 0.000000 0.133376 0.069032 0.673288 0.000000 0.370469 0.059533 0.137587 0.000000 0.000000 0.000000 0.000000 0.000000 0.096636 0.054113 0.232738 0.417554 0.000000 1.000000 0.000000 0.000001 0.675393 0.012318 0.226011
0.000000 0.000000 0.243060 0.564770 0.000000 0.090750 0.000000 0.382893 0.000000 1.000000 0.000042 0.000000 0.000000 0.000000 0.000000 0.000043 0.131326 0.000000 0.000000 0.000000 0.000000 0.000000 0.000000 0.297601 0.000000 0.000000 0.317386 0.000000 0.405655 0.000000 0.000000 0.404501 0.000000 0.000000 0.923071 0.000000 0.000005 0.000000 0.000000 0.001773 0.000000 0.000000 0.000000 0.257650 0.052434 0.000000 0.190889 0.289179 0.000007 0.151399 0.000000 0.000000 0.311901 0.000000 0.000000 0.117726 0.000000 0.757029 0.633845 0.550429 0.000000 0.000000 0.000001 0.225651 0.000049 0.000000 0.000000 0.000000 0.216985 0.132856 0.000066 0.000000 0.000000 0.000000 0.000000 0.000000 0.000001 0.130843 0.000000 0.000000 0.000000 0.000000 0.510945 0.000000 0.000000 0.000000 0.000000 0.000000 0.000000 0.477026 0.264939 0.477201 0.143847 0.000000 0.000000 0.000000 0.000000 0.169784 0.000000 0.974125
0.164550 0.350422 0.155611 0.101223 0.549567 0.418831 0.266374 0.403502 0.000000 0.000042 1.000000 0.557404 0.250714 0.000000 0.562974 0.361965 0.704315 0.220853 0.741895 0.132598 0.189476 0.048382 0.553940 0.355980 0.137766 0.272625 0.542312 0.159050 0.253401 0.232825 0.000000 0.134897 0.553940 0.000000 0.059847 0.261567 0.219129 0.575456 0.741629 0.489253 0.131163 0.248304 0.553940 0.637304 0.203164 0.476388 0.585229 0.186481 0.053853 0.288502 0.479847 0.548352 0.310743 0.361565 0.258530 0.544963 0.550587 0.170650 0.103751 0.550223 0.697998 0.747572 0.265830 0.406331 0.328225 0.553750 0.264590 0.204445 0.387908 0.333009 0.143545 0.151376 0.372948 0.242265 0.484217 0.200536 0.628961 0.448917 0.173625 0.336508 0.297940 0.177733 0.164025 0.361795 0.273093 0.130427 0.000000 0.276442 0.000000 0.306779 0.600380 0.183624 0.388903 0.130427 0.000000 0.134105 0.130431 0.347680 0.084543 0.000043
0.354435 0.911338 0.274240 0.000000 0.271043 0.184909 0.324772 0.266256 0.000000 0.000000 0.557404 1.000000 0.274811 0.726030 0.269915 0.199211 0.628581 0.191543 0.287933 0.000000 0.072936 0.679784 0.551761 0.156304 0.000000 0.509184 0.255573 0.056973 0.243161 0.433029 0.000000 0.054145 0.551761 0.726030 0.011800 0.253551 0.269267 0.223337 0.287830 0.553832 0.105746 0.257440 0.551761 0.214762 0.169682 0.772487 0.473572 0.333989 0.628822 0.380681 0.541702 0.484754 0.141669 0.120382 0.360866 0.264737 0.552316 0.213499 0.000000 0.315912 0.243045 0.292808 0.108740 0.232420 0.000000 0.261585 0.280603 0.089634 0.820040 0.426705 0.002245 0.058750 0.646565 0.894224 0.255697 0.001073 0.425060 0.463176 0.265953 0.500147 0.000000 0.000000 0.501521 0.263645 0.254628 0.292465 0.726030 0.828846 0.000000 0.409358 0.536479 0.118285 0.347330 0.292465 0.000000 0.000000 0.292466 0.202018 0.047311 0.000000
0.381290 0.125965 0.648816 0.541742 0.181368 0.695860 0.009592 0.609062 0.376883 0.000000 0.250714 0.274811 1.000000 0.000556 0.380915 0.654603 0.699507 0.752246 0.002158 0.542368 0.747358 0.000520 0.198441 0.376260 0.000000 0.223377 0.666534 0.722104 0.000186 0.811947 0.511253 0.586198 0.198441 0.000556 0.210818 0.487011 0.288163 0.324354 0.012252 0.620500 0.714482 0.790250 0.198441 0.370722 0.507420 0.299489 0.707003 0.498195 0.132740 0.656509 0.629348 0.421006 0.624100 0.499671 0.000276 0.557795 0.642167 0.069547 0.380199 0.095798 0.265900 0.182107 0.793835 0.540159 0.000004 0.419756 0.652766 0.638386 0.490721 0.670655 0.000017 0.369394 0.099393 0.087288 0.091962 0.118974 0.718226 0.316100 0.738520 0.579526 0.000000 0.424844 0.164919 0.641158 0.489080 0.561755 0.000556 0.347096 0.511253 0.706746 0.237981 0.284284 0.614380 0.561755 0.376883 0.491556 0.561755 0.611756 0.566357 0.085180
0.488182 0.774479 0.000000 0.000000 0.000000 0.000009 0.447322 0.000000 0.000000 0.000000 0.000000 0.726030 0.000556 1.000000 0.000000 0.013559 0.017269 0.000000 0.000000 0.000000 0.000001 0.936304 0.000000 0.041751 0.000000 0.541349 0.004837 0.000113 0.334919 0.389973 0.000000 0.000014 0.000000 1.000000 0.000000 0.000000 0.293643 0.000000 0.000000 0.473039 0.000192 0.000345 0.000000 0.000001 0.233696 0.732765 0.061544 0.459958 0.865925 0.392009 0.492385 0.250682 0.000000 0.000000 0.497041 0.122309 0.000000 0.294062 0.000000 0.003038 0.000000 0.049755 0.000000 0.078180 0.000000 0.000009 0.280953 0.000000 0.594059 0.325966 0.000000 0.000000 0.511128 0.899292 0.000000 0.000000 0.000049 0.455635 0.000001 0.312789 0.000000 0.000000 0.657749 0.070561 0.000000 0.000000 1.000000 0.822507 0.000000 0.293016 0.230514 0.154434 0.000000 0.000000 0.000000 0.000000 0.000000 0.000000 0.000000 0.000000
0.538045 0.309461 0.143391 0.435732 0.843879 0.822934 0.528609 0.724620 0.000000 0.000000 0.562974 0.269915 0.380915 0.000000 1.000000 0.509579 0.528026 0.442852 0.000000 0.570944 0.565225 0.097876 0.489189 0.681316 0.278697 0.438195 0.770068 0.489313 0.502845 0.369488 0.000000 0.281308 0.489189 0.000000 0.109638 0.294689 0.151013 0.000000 0.000000 0.554593 0.225541 0.184776 0.489189 0.262107 0.690360 0.619362 0.750582 0.494154 0.108583 0.631469 0.588413 0.950517 0.728684 0.221261 0.513058 0.296286 0.628275 0.341016 0.446620 0.370501 0.310292 0.172718 0.570660 0.835965 0.653654 0.897450 0.289190 0.572301 0.409945 0.712426 0.278689 0.000000 0.439241 0.213946 0.682393 0.472926 0.601108 0.523077 0.236907 0.005274 0.591266 0.537153 0.295200 0.611250 0.318056 0.000000 0.000000 0.394200 0.000000 0.375980 0.838314 0.484180 0.000000 0.000000 0.000000 0.577431 0.000000 0.647528 0.019262 0.000005
0.598035 0.010501 0.586783 0.665939 0.150660 0.553793 0.006068 0.618900 0.000000 0.000043 0.361965 0.199211 0.654603 0.013559 0.509579 1.000000 0.509465 0.755976 0.259449 0.872579 0.765006 0.012695 0.000000 0.410470 0.000000 0.163037 0.533834 0.670747 0.004558 0.745485 0.000000 0.295797 0.000000 0.013559 0.156062 0.339892 0.054508 0.201243 0.259356 0.748503 0.288044 0.431677 0.000000 0.459622 0.817390 0.470510 0.551185 0.358283 0.011823 0.783188 0.561878 0.560116 0.761702 0.446627 0.006739 0.479903 0.488185 0.010893 0.682600 0.099661 0.692841 0.236627 0.535011 0.681649 0.000008 0.242742 0.514824 0.753199 0.333292 0.795812 0.002023 0.052938 0.006983 0.012193 0.000000 0.214547 0.917302 0.240951 0.718582 0.319043 0.000000 0.511964 0.285363 0.646137 0.341336 0.392057 0.013559 0.299685 0.000000 0.756478 0.155113 0.350127 0.417348 0.392057 0.000000 0.882493 0.392058 0.510829 0.080690 0.000042
0.240279 0.476700 0.536590 0.331718 0.409878 0.540056 0.014009 0.645146 0.253369 0.131326 0.704315 0.628581 0.699507 0.017269 0.528026 0.509465 1.000000 0.540050 0.268318 0.328156 0.444113 0.016437 0.732415 0.318538 0.000762 0.192208 0.630561 0.367820 0.059057 0.550931 0.107793 0.287811 0.732415 0.017269 0.267812 0.399192 0.251071 0.276157 0.275008 0.522652 0.313682 0.501530 0.732415 0.369305 0.317947 0.449308 0.797208 0.227038 0.104282 0.414128 0.491011 0.591914 0.527553 0.433360 0.008583 0.446023 0.934379 0.120605 0.310315 0.454320 0.384241 0.279045 0.405019 0.518023 0.000338 0.492812 0.313598 0.495005 0.632126 0.598100 0.002863 0.302786 0.375040 0.335850 0.340020 0.072788 0.779028 0.294632 0.556657 0.540742 0.000000 0.264747 0.201008 0.484859 0.401096 0.460458 0.017269 0.439360 0.107793 0.560527 0.593223 0.248902 0.600958 0.460458 0.253369 0.293583 0.460460 0.631634 0.176596 0.185192
0.644119 0.000000 0.751399 0.427241 0.096655 0.474585 0.007104 0.397066 0.286564 0.000000 0.220853 0.191543 0.752246 0.000000 0.442852 0.755976 0.540050 1.000000 0.003594 0.602667 0.541241 0.146065 0.000000 0.544037 0.415915 0.258671 0.638198 0.430337 0.000000 0.752001 0.000000 0.454254 0.000000 0.000000 0.192081 0.564719 0.444727 0.002788 0.011268 0.531156 0.439053 0.740577 0.000000 0.304725 0.563274 0.266389 0.533903 0.226732 0.248730 0.589816 0.427287 0.427727 0.511400 0.454482 0.000000 0.466002 0.520411 0.004410 0.437929 0.301886 0.307138 0.006440 0.696653 0.629000 0.179211 0.363789 0.292331 0.625130 0.503266 0.679401 0.415930 0.281269 0.291037 0.000000 0.329424 0.538033 0.700169 0.440082 0.844415 0.568444 0.000000 0.736334 0.372551 0.855379 0.680654 0.651389 0.000000 0.185118 0.000000 0.728228 0.224899 0.593369 0.650005 0.651389 0.286564 0.566194 0.651389 0.580789 0.066488 0.064775
0.000000 0.000000 0.000000 0.000000 0.000145 0.000000 0.000010 0.000000 0.000000 0.000000 0.741895 0.287933 0.002158 0.000000 0.000000 0.259449 0.268318 0.003594 1.000000 0.000000 0.000000 0.000000 0.000000 0.000000 0.000000 0.000033 0.166178 0.000017 0.000000 0.127997 0.000000 0.016827 0.000000 0.000000 0.040983 0.000000 0.194745 0.775656 0.999641 0.353819 0.000000 0.096246 0.000000 0.745872 0.000017 0.178727 0.094094 0.000025 0.000046 0.072506 0.286337 0.000165 0.000000 0.418089 0.000000 0.611033 0.000000 0.000003 0.000000 0.329615 0.843515 0.891457 0.000043 0.014872 0.000000 0.000000 0.266113 0.000000 0.000000 0.000739 0.007796 0.204040 0.000000 0.000000 0.000000 0.003728 0.376997 0.247097 0.000003 0.344692 0.000000 0.000000 0.083269 0.040585 0.000000 0.000000 0.000000 0.000000 0.000000 0.197805 0.000000 0.000000 0.381430 0.000000 0.000000 0.000000 0.000006 0.000000 0.096121 0.000000
0.683099 0.000000 0.245536 0.746107 0.168755 0.646848 0.003705 0.693411 0.149473 0.000000 0.132598 0.000000 0.542368 0.000000 0.570944 0.872579 0.328156 0.602667 0.000000 1.000000 0.883431 0.000000 0.000000 0.270017 0.000000 0.000000 0.535022 0.751514 0.000000 0.697140 0.000000 0.252544 0.000000 0.000000 0.214356 0.000000 0.114055 0.000000 0.004004 0.714148 0.195543 0.128145 0.000000 0.298139 0.933588 0.464084 0.502533 0.394686 0.052500 0.737795 0.575100 0.623710 0.865237 0.501988 0.000000 0.425366 0.427899 0.007700 0.764771 0.000002 0.531073 0.005221 0.459003 0.765690 0.000009 0.292919 0.499270 0.917912 0.094288 0.830908 0.000000 0.146329 0.000047 0.000000 0.000000 0.239300 0.732305 0.209985 0.415986 0.100839 0.000000 0.628992 0.294404 0.430156 0.000000 0.000000 0.000000 0.323279 0.000000 0.590278 0.178325 0.424709 0.062413 0.000000 0.149473 0.988766 0.000000 0.673289 0.034816 0.033783
0.605038 0.083622 0.215266 0.803590 0.212875 0.841921 0.004362 0.819217 0.175949 0.000000 0.189476 0.072936 0.747358 0.000001 0.565225 0.765006 0.444113 0.541241 0.000000 0.883431 1.000000 0.000004 0.132187 0.236732 0.000009 0.000000 0.661054 0.959517 0.000000 0.717981 0.447332 0.541499 0.132187 0.000001 0.203388 0.000000 0.134262 0.282336 0.004713 0.788449 0.567648 0.339057 0.132187 0.454664 0.824901 0.452155 0.712139 0.609636 0.061808 0.773927 0.742928 0.621025 0.900245 0.477085 0.000000 0.575970 0.493397 0.064111 0.670489 0.049911 0.465642 0.159931 0.681549 0.786918 0.000011 0.446218 0.785065 0.848458 0.152767 0.771163 0.000009 0.172247 0.066042 0.057813 0.061265 0.209807 0.728745 0.333494 0.367803 0.120033 0.000000 0.568135 0.260787 0.383306 0.000002 0.000000 0.000001 0.428701 0.447332 0.622651 0.247226 0.384651 0.073468 0.000000 0.175949 0.866870 0.000000 0.669032 0.475039 0.039766
0.647449 0.725147 0.000000 0.000000 0.000010 0.058040 0.418830 0.000000 0.000000 0.000000 0.048382 0.679784 0.000520 0.936304 0.097876 0.012695 0.016437 0.146065 0.000000 0.000000 0.000004 1.000000 0.000000 0.130965 0.351191 0.506867 0.146314 0.000106 0.313586 0.365152 0.000000 0.168642 0.000000 0.936304 0.000000 0.000000 0.465234 0.000000 0.000000 0.484221 0.117109 0.114306 0.000000 0.110887 0.218817 0.686091 0.151537 0.430970 0.935893 0.367039 0.501693 0.294305 0.000040 0.000000 0.465381 0.224233 0.000024 0.275331 0.000000 0.237004 0.000000 0.046787 0.136402 0.225555 0.151319 0.141776 0.263058 0.000000 0.597337 0.305203 0.351180 0.000000 0.724281 0.842011 0.278159 0.338589 0.003297 0.671842 0.000001 0.292865 0.000000 0.254752 0.777724 0.179375 0.095868 0.000000 0.936304 0.770117 0.000000 0.324191 0.310275 0.400778 0.000000 0.000000 0.000000 0.000000 0.000000 0.050249 0.000000 0.000006
0.000000 0.632600 0.000000 0.000000 0.491151 0.335114 0.000000 0.482557 0.000000 0.000000 0.553940 0.551761 0.198441 0.000000 0.489189 0.000000 0.732415 0.000000 0.000000 0.000000 0.132187 0.000000 1.000000 0.000000 0.000000 0.000000 0.291977 0.103100 0.000000 0.000010 0.000000 0.000000 1.000000 0.000000 0.000000 0.000000 0.000000 0.000000 0.000000 0.157642 0.037928 0.000970 1.000000 0.000000 0.000012 0.342570 0.621005 0.000070 0.000220 0.000328 0.184445 0.548615 0.256758 0.000000 0.000000 0.000001 0.815164 0.000000 0.000000 0.377517 0.000307 0.000000 0.000278 0.310596 0.000000 0.474079 0.000000 0.162451 0.378587 0.225271 0.000000 0.000000 0.499243 0.437348 0.463421 0.000000 0.349287 0.109560 0.000000 0.010542 0.000000 0.000000 0.000000 0.000000 0.000000 0.000000 0.000000 0.419894 0.000000 0.000002 0.668934 0.011164 0.000000 0.000000 0.000000 0.000000 0.000000 0.366133 0.000000 0.000000
0.345201 0.032336 0.544097 0.374157 0.697768 0.564685 0.700192 0.413259 0.000000 0.297601 0.355980 0.156304 0.376260 0.041751 0.681316 0.410470 0.318538 0.544037 0.000000 0.270017 0.236732 0.130965 0.000000 1.000000 0.261604 0.758621 0.696182 0.207564 0.783006 0.362443 0.000000 0.388383 0.000000 0.041751 0.338401 0.753405 0.154013 0.000000 0.000000 0.324168 0.265845 0.489832 0.000000 0.241618 0.480503 0.391815 0.457844 0.554196 0.141158 0.634109 0.394658 0.576004 0.463492 0.104641 0.682218 0.220837 0.259588 0.673558 0.399853 0.353828 0.146676 0.222217 0.649509 0.548458 0.800641 0.688949 0.148497 0.233076 0.587658 0.550423 0.261615 0.000000 0.204395 0.037547 0.510117 0.401440 0.386962 0.505554 0.503779 0.260557 0.762297 0.348192 0.378964 0.859887 0.758445 0.430792 0.041751 0.123627 0.000000 0.556268 0.639991 0.508496 0.392645 0.430792 0.000000 0.273085 0.430792 0.367614 0.038035 0.289905
0.542048 0.000000 0.000000 0.000000 0.000028 0.165243 0.000000 0.000000 0.000000 0.000000 0.137766 0.000000 0.000000 0.000000 0.278697 0.000000 0.000762 0.415915 0.000000 0.000000 0.000009 0.351191 0.000000 0.261604 1.000000 0.000000 0.403728 0.000000 0.000000 0.000055 0.000000 0.480164 0.000000 0.000000 0.000000 0.000000 0.541855 0.000000 0.000000 0.117635 0.332950 0.324563 0.000000 0.315741 0.000019 0.000000 0.267412 0.000882 0.356285 0.000000 0.115809 0.169681 0.000112 0.000000 0.000000 0.312407 0.000067 0.000000 0.000000 0.666757 0.000000 0.000571 0.388399 0.433821 0.430873 0.403676 0.000000 0.000000 0.117079 0.000000 0.999970 0.000000 0.699646 0.000000 0.792046 0.964116 0.009258 0.698279 0.000000 0.000000 0.000000 0.725395 0.460920 0.322639 0.272980 0.000000 0.000000 0.000000 0.000000 0.141913 0.268925 0.729461 0.000000 0.000000 0.000000 0.000000 0.000000 0.143081 0.000000 0.000018
0.264281 0.419263 0.372361 0.000015 0.633057 0.314107 0.904734 0.104802 0.000000 0.000000 0.272625 0.509184 0.223377 0.541349 0.438195 0.163037 0.192208 0.258671 0.000033 0.000000 0.000000 0.506867 0.000000 0.758621 0.000000 1.000000 0.351330 0.000061 0.811591 0.372141 0.000000 0.066989 0.000000 0.541349 0.018185 0.713643 0.158970 0.000026 0.000033 0.333065 0.115081 0.346826 0.000000 0.000025 0.324044 0.623257 0.213939 0.579323 0.480215 0.565309 0.456130 0.474898 0.131188 0.000014 0.912156 0.066267 0.139229 0.580994 0.000000 0.015913 0.000028 0.239439 0.407448 0.193153 0.668790 0.494111 0.152102 0.000000 0.737583 0.443453 0.000000 0.000007 0.276709 0.486831 0.294497 0.080822 0.168068 0.453135 0.361106 0.397432 0.741113 0.000000 0.356087 0.664385 0.649034 0.397106 0.541349 0.445263 0.000000 0.348446 0.546873 0.143405 0.322493 0.397106 0.000000 0.000000 0.397106 0.118205 0.026669 0.000000
0.595747 0.188450 0.337169 0.652709 0.561595 0.880073 0.360506 0.763742 0.334845 0.317386 0.542312 0.255573 0.666534 0.004837 0.770068 0.533834 0.630561 0.638198 0.166178 0.535022 0.661054 0.146314 0.291977 0.696182 0.403728 0.351330 1.000000 0.601349 0.463348 0.618701 0.309292 0.696600 0.291977 0.004837 0.505467 0.322938 0.508049 0.324108 0.175087 0.670820 0.555655 0.526925 0.291977 0.614723 0.622442 0.483175 0.832131 0.647347 0.271624 0.686459 0.739938 0.719682 0.765171 0.533210 0.342146 0.720213 0.562916 0.508012 0.580541 0.614196 0.403704 0.370865 0.804453 0.862852 0.527297 0.827545 0.539666 0.631849 0.471619 0.723677 0.405032 0.361708 0.430734 0.132045 0.610662 0.551265 0.622044 0.735681 0.358396 0.372089 0.391530 0.701488 0.526839 0.674594 0.398785 0.147411 0.004837 0.349011 0.309292 0.701174 0.714655 0.753168 0.368565 0.147411 0.334845 0.490482 0.147412 0.791079 0.353317 0.384859
0.509416 0.065308 0.188741 0.787907 0.180357 0.830785 0.000051 0.794339 0.000000 0.000000 0.159050 0.056973 0.722104 0.000113 0.489313 0.670747 0.367820 0.430337 0.000017 0.751514 0.959517 0.000106 0.103100 0.207564 0.000000 0.000061 0.601349 1.000000 0.000038 0.599380 0.641631 0.653160 0.103100 0.000113 0.125218 0.000000 0.000036 0.404982 0.000017 0.746773 0.715333 0.404012 0.103100 0.506415 0.701275 0.392141 0.719557 0.681223 0.000181 0.749440 0.725081 0.538446 0.831918 0.291245 0.000056 0.537671 0.386108 0.088226 0.587870 0.038929 0.408275 0.226865 0.726005 0.718586 0.000007 0.430705 0.877147 0.665446 0.140327 0.629070 0.000000 0.000003 0.051566 0.045192 0.047779 0.183947 0.657092 0.342354 0.311832 0.001282 0.000000 0.440997 0.219540 0.314856 0.000000 0.000000 0.000113 0.420648 0.641631 0.587258 0.199891 0.301423 0.000006 0.000000 0.000000 0.760052 0.000000 0.477725 0.662146 0.000000
0.163507 0.259388 0.098599 0.229120 0.726450 0.397260 0.910148 0.275587 0.000000 0.405655 0.253401 0.243161 0.000186 0.334919 0.502845 0.004558 0.059057 0.000000 0.000000 0.000000 0.000000 0.313586 0.000000 0.783006 0.000000 0.811591 0.463348 0.000038 1.000000 0.139269 0.000000 0.164156 0.000000 0.334919 0.395315 0.423870 0.098349 0.000000 0.000000 0.213926 0.000064 0.041176 0.000000 0.104518 0.326216 0.505414 0.213151 0.650416 0.303154 0.481015 0.382446 0.473193 0.277067 0.000000 0.904431 0.088760 0.000000 0.889616 0.257122 0.224302 0.000000 0.260481 0.298391 0.290801 0.767481 0.567008 0.094097 0.000000 0.484126 0.367337 0.000027 0.000000 0.171187 0.301190 0.337946 0.092746 0.000017 0.441405 0.000000 0.104759 0.850455 0.000000 0.427575 0.429443 0.348051 0.000000 0.334919 0.275473 0.000000 0.291855 0.668993 0.313926 0.058352 0.000000 0.000000 0.000000 0.000000 0.204518 0.000007 0.395159
0.680722 0.302032 0.518714 0.537930 0.116151 0.581377 0.195952 0.505003 0.500356 0.000000 0.232825 0.433029 0.811947 0.389973 0.369488 0.745485 0.550931 0.752001 0.127997 0.697140 0.717981 0.365152 0.000010 0.362443 0.000055 0.372141 0.618701 0.599380 0.139269 1.000000 0.188487 0.363134 0.000010 0.389973 0.281446 0.340146 0.521264 0.218247 0.141353 0.819348 0.401309 0.534754 0.000010 0.366714 0.745951 0.607175 0.520798 0.546914 0.513398 0.787928 0.781435 0.500202 0.628540 0.706807 0.202667 0.655810 0.502617 0.149543 0.486833 0.057293 0.446035 0.205215 0.615403 0.572656 0.009217 0.300814 0.618335 0.784953 0.540218 0.861420 0.001052 0.515946 0.199410 0.350704 0.004094 0.153972 0.695069 0.455232 0.644236 0.725109 0.010182 0.550574 0.478720 0.632431 0.340676 0.386496 0.389973 0.564376 0.188487 0.781550 0.231205 0.425908 0.571612 0.386496 0.500356 0.629422 0.386497 0.703915 0.252472 0.113086
0.000000 0.000000 0.000000 0.334123 0.000000 0.497609 0.000000 0.329738 0.000000 0.000000 0.000000 0.000000 0.511253 0.000000 0.000000 0.000000 0.107793 0.000000 0.000000 0.000000 0.447332 0.000000 0.000000 0.000000 0.000000 0.000000 0.309292 0.641631 0.000000 0.188487 1.000000 0.715496 0.000000 0.000000 0.000000 0.000000 0.000000 0.631155 0.000000 0.304311 0.874508 0.495545 0.000000 0.432065 0.000000 0.000000 0.422133 0.589089 0.000000 0.284005 0.454802 0.003767 0.232902 0.000000 0.000000 0.408795 0.000000 0.128226 0.000000 0.000000 0.000000 0.347288 0.608694 0.161661 0.000000 0.269258 0.773746 0.000000 0.044826 0.000078 0.000000 0.000000 0.000000 0.000000 0.000000 0.000000 0.090644 0.288194 0.000000 0.000000 0.000000 0.000101 0.000000 0.000000 0.000000 0.000000 0.000000 0.200682 1.000000 0.225340 0.000061 0.000823 0.000000 0.000000 0.000000 0.000000 0.000000 0.000046 0.992467 0.000000
0.431463 0.000011 0.319758 0.660192 0.043662 0.632437 0.000084 0.569887 0.000458 0.404501 0.134897 0.054145 0.586198 0.000014 0.281308 0.295797 0.287811 0.454254 0.016827 0.252544 0.541499 0.168642 0.000000 0.388383 0.480164 0.066989 0.696600 0.653160 0.164156 0.363134 0.715496 1.000000 0.000000 0.000014 0.416300 0.146146 0.263812 0.464641 0.016833 0.473169 0.884872 0.672881 0.000000 0.654512 0.256895 0.122888 0.672569 0.640785 0.171273 0.499454 0.525121 0.245280 0.513298 0.105255 0.000071 0.593113 0.160709 0.399999 0.453889 0.554399 0.151341 0.265131 0.797362 0.611344 0.206979 0.456833 0.685989 0.218160 0.304067 0.295235 0.480307 0.003882 0.335968 0.000013 0.380342 0.524803 0.336072 0.648186 0.258048 0.102968 0.000074 0.496684 0.503163 0.377147 0.277835 0.168533 0.000014 0.227084 0.715496 0.654893 0.280389 0.644688 0.201658 0.168533 0.000458 0.255344 0.168533 0.285538 0.731559 0.394147
0.000000 0.632600 0.000000 0.000000 0.491151 0.335114 0.000000 0.482557 0.000000 0.000000 0.553940 0.551761 0.198441 0.000000 0.489189 0.000000 0.732415 0.000000 0.000000 0.000000 0.132187 0.000000 1.000000 0.000000 0.000000 0.000000 0.291977 0.103100 0.000000 0.000010 0.000000 0.000000 1.000000 0.000000 0.000000 0.000000 0.000000 0.000000 0.000000 0.157642 0.037928 0.000970 1.000000 0.000000 0.000012 0.342570 0.621005 0.000070 0.000220 0.000328 0.184445 0.548615 0.256758 0.000000 0.000000 0.000001 0.815164 0.000000 0.000000 0.377517 0.000307 0.000000 0.000278 0.310596 0.000000 0.474079 0.000000 0.162451 0.378587 0.225271 0.000000 0.000000 0.499243 0.437348 0.463421 0.000000 0.349287 0.109560 0.000000 0.010542 0.000000 0.000000 0.000000 0.000000 0.000000 0.000000 0.000000 0.419894 0.000000 0.000003 0.668934 0.011164 0.000000 0.000000 0.000000 0.000000 0.000000 0.366133 0.000000 0.000000
0.488182 0.774479 0.000000 0.000000 0.000000 0.000009 0.447322 0.000000 0.000000 0.000000 0.000000 0.726030 0.000556 1.000000 0.000000 0.013559 0.017269 0.000000 0.000000 0.000000 0.000001 0.936304 0.000000 0.041751 0.000000 0.541349 0.004837 0.000113 0.334919 0.389973 0.000000 0.000014 0.000000 1.000000 0.000000 0.000000 0.293643 0.000000 0.000000 0.473039 0.000192 0.000345 0.000000 0.000001 0.233696 0.732765 0.061544 0.459958 0.865925 0.392009 0.492385 0.250682 0.000000 0.000000 0.497041 0.122309 0.000000 0.294062 0.000000 0.003038 0.000000 0.049755 0.000000 0.078180 0.000000 0.000009 0.280953 0.000000 0.594059 0.325966 0.000000 0.000000 0.511128 0.899292 0.000000 0.000000 0.000049 0.455635 0.000001 0.312789 0.000000 0.000000 0.657749 0.070561 0.000000 0.000000 1.000000 0.822507 0.000000 0.293016 0.230514 0.154434 0.000000 0.000000 0.000000 0.000000 0.000000 0.000000 0.000000 0.000000
0.157539 0.000000 0.265273 0.645640 0.049082 0.258287 0.030471 0.472443 0.344262 0.923071 0.059847 0.011800 0.210818 0.000000 0.109638 0.156062 0.267812 0.192081 0.040983 0.214356 0.203388 0.000000 0.000000 0.338401 0.000000 0.018185 0.505467 0.125218 0.395315 0.281446 0.000000 0.416300 0.000000 0.000000 1.000000 0.012229 0.270675 0.031789 0.050189 0.174933 0.032581 0.061367 0.000000 0.318073 0.256052 0.092152 0.271622 0.344200 0.121136 0.273973 0.191338 0.115159 0.461676 0.363810 0.021291 0.348071 0.145942 0.714039 0.712510 0.521594 0.123058 0.044439 0.133484 0.357453 0.022188 0.109915 0.102800 0.311070 0.221723 0.358592 0.000381 0.345382 0.000008 0.000000 0.009750 0.042701 0.137468 0.215287 0.091358 0.245948 0.024536 0.223115 0.543118 0.128983 0.010041 0.000000 0.000000 0.053865 0.000000 0.577656 0.305525 0.587562 0.292161 0.000000 0.344262 0.164749 0.000000 0.488512 0.013675 0.976993
0.000003 0.000000 0.812923 0.000010 0.425744 0.211236 0.445588 0.070480 0.000001 0.000000 0.261567 0.253551 0.487011 0.000000 0.294689 0.339892 0.399192 0.564719 0.000000 0.000000 0.000000 0.000000 0.000000 0.753405 0.000000 0.713643 0.322938 0.000000 0.423870 0.340146 0.000000 0.146146 0.000000 0.000000 0.012229 1.000000 0.000001 0.000000 0.000000 0.095937 0.251012 0.702708 0.000000 0.000000 0.132843 0.152370 0.242795 0.222146 0.007699 0.391322 0.127486 0.228109 0.088225 0.000001 0.432479 0.000024 0.303958 0.283667 0.000000 0.031125 0.000000 0.142899 0.496713 0.101438 0.449766 0.332290 0.000000 0.000000 0.648646 0.313977 0.000000 0.000001 0.000023 0.000000 0.198051 0.054353 0.366835 0.140437 0.788352 0.497964 0.498404 0.000000 0.000009 0.832840 0.958760 0.866945 0.000000 0.000000 0.000000 0.414122 0.283910 0.040220 0.704026 0.866945 0.000001 0.000000 0.866945 0.079495 0.058206 0.000000
0.541524 0.227420 0.000001 0.000003 0.000044 0.224159 0.150271 0.000002 0.763047 0.000005 0.219129 0.269267 0.288163 0.293643 0.151013 0.054508 0.251071 0.444727 0.194745 0.114055 0.134262 0.465234 0.000000 0.154013 0.541855 0.158970 0.508049 0.000036 0.098349 0.521264 0.000000 0.263812 0.000000 0.293643 0.270675 0.000001 1.000000 0.151055 0.215113 0.362880 0.180467 0.278065 0.000000 0.316342 0.177486 0.249977 0.192068 0.136903 0.714944 0.129232 0.448280 0.165585 0.060415 0.709893 0.145952 0.667021 0.178388 0.086354 0.000003 0.426371 0.164271 0.188526 0.326091 0.299101 0.233471 0.325658 0.155124 0.377816 0.237960 0.314691 0.543357 0.786731 0.529196 0.264071 0.429174 0.523137 0.078449 0.662053 0.052675 0.672726 0.000000 0.675744 0.504540 0.308433 0.147916 0.000000 0.293643 0.241523 0.000000 0.275201 0.254699 0.618203 0.392895 0.000000 0.763047 0.000000 0.000002 0.592887 0.028119 0.172472
0.000000 0.000000 0.000000 0.210883 0.000113 0.314069 0.000008 0.208116 0.000000 0.000000 0.575456 0.223337 0.324354 0.000000 0.000000 0.201243 0.276157 0.002788 0.775656 0.000000 0.282336 0.000000 0.000000 0.000000 0.000000 0.000026 0.324108 0.404982 0.000000 0.218247 0.631155 0.464641 0.000000 0.000000 0.031789 0.000000 0.151055 1.000000 0.775378 0.466509 0.551950 0.387420 0.000000 0.851241 0.000013 0.138631 0.339416 0.371826 0.000036 0.235491 0.509150 0.002505 0.146997 0.324294 0.000000 0.731965 0.000000 0.080933 0.000000 0.255668 0.654277 0.910657 0.384214 0.113569 0.000000 0.169944 0.694766 0.000000 0.028292 0.000623 0.006047 0.158265 0.000000 0.000000 0.000000 0.002892 0.349631 0.373557 0.000002 0.267363 0.000000 0.000064 0.064588 0.031480 0.000000 0.000000 0.000000 0.126661 0.631155 0.295653 0.000039 0.000519 0.295858 0.000000 0.000000 0.000000 0.000004 0.000029 0.700958 0.000000
0.003667 0.000000 0.000000 0.000000 0.000145 0.004725 0.000674 0.000000 0.026784 0.000000 0.741629 0.287830 0.012252 0.000000 0.000000 0.259356 0.275008 0.011268 0.999641 0.004004 0.004713 0.000000 0.000000 0.000000 0.000000 0.000033 0.175087 0.000017 0.000000 0.141353 0.000000 0.016833 0.000000 0.000000 0.050189 0.000000 0.215113 0.775378 1.000000 0.356898 0.000000 0.099137 0.000000 0.745604 0.003837 0.178663 0.094438 0.000072 0.009440 0.072480 0.292734 0.000165 0.002118 0.440000 0.000000 0.622847 0.006260 0.000003 0.000000 0.329497 0.843212 0.891137 0.004101 0.016207 0.000000 0.003753 0.266747 0.013262 0.000003 0.008420 0.007793 0.230188 0.000000 0.000000 0.000000 0.003727 0.376862 0.250581 0.001852 0.362602 0.000000 0.009923 0.084834 0.044256 0.000000 0.000000 0.000000 0.000000 0.000000 0.200323 0.001449 0.006234 0.392477 0.000000 0.026784 0.000000 0.000006 0.018090 0.096417 0.006054
0.782988 0.466083 0.244338 0.634034 0.252682 0.714158 0.272155 0.680027 0.119691 0.001773 0.489253 0.553832 0.620500 0.473039 0.554593 0.748503 0.522652 0.531156 0.353819 0.714148 0.788449 0.484221 0.157642 0.324168 0.117635 0.333065 0.670820 0.746773 0.213926 0.819348 0.304311 0.473169 0.157642 0.473039 0.174933 0.095937 0.362880 0.466509 0.356898 1.000000 0.471938 0.376806 0.157642 0.645311 0.794578 0.814064 0.702241 0.707295 0.494606 0.863991 0.944586 0.699898 0.740560 0.516333 0.291009 0.744295 0.462160 0.221609 0.545770 0.259628 0.676713 0.466886 0.609808 0.750907 0.108815 0.457569 0.818443 0.685873 0.495853 0.817741 0.120390 0.189366 0.402824 0.494345 0.191821 0.292179 0.769829 0.659665 0.364125 0.394604 0.064409 0.538216 0.606183 0.475127 0.122578 0.073632 0.473039 0.746570 0.304311 0.751544 0.411019 0.472463 0.244984 0.073633 0.119691 0.704168 0.073634 0.573575 0.365930 0.028780
0.313103 0.024142 0.320604 0.441423 0.052395 0.626993 0.000086 0.445351 0.000000 0.000000 0.131163 0.105746 0.714482 0.000192 0.225541 0.288044 0.313682 0.439053 0.000000 0.195543 0.567648 0.117109 0.037928 0.265845 0.332950 0.115081 0.555655 0.715333 0.000064 0.401309 0.874508 0.884872 0.037928 0.000192 0.032581 0.251012 0.180467 0.551950 0.000000 0.471938 1.000000 0.790472 0.037928 0.542602 0.182515 0.105956 0.640408 0.594436 0.118815 0.470282 0.551148 0.205394 0.384143 0.075780 0.000095 0.533180 0.211051 0.113731 0.152963 0.246711 0.106232 0.304954 0.856398 0.449263 0.143461 0.442251 0.775746 0.174952 0.289556 0.231171 0.332939 0.000000 0.251997 0.016760 0.281288 0.368865 0.364582 0.527539 0.344427 0.166806 0.000000 0.356338 0.210694 0.388079 0.342967 0.289536 0.000192 0.256241 0.874508 0.497806 0.149083 0.322036 0.235126 0.289536 0.000000 0.197765 0.289536 0.176040 0.893953 0.000006
0.266839 0.000881 0.762104 0.250908 0.061052 0.411245 0.046027 0.250003 0.109239 0.000000 0.248304 0.257440 0.790250 0.000345 0.184776 0.431677 0.501530 0.740577 0.096246 0.128145 0.339057 0.114306 0.000970 0.489832 0.324563 0.346826 0.526925 0.404012 0.041176 0.534754 0.495545 0.672881 0.000970 0.000345 0.061367 0.702708 0.278065 0.387420 0.099137 0.376806 0.790472 1.000000 0.000970 0.422472 0.132878 0.085625 0.529290 0.359192 0.155006 0.449380 0.391357 0.151005 0.230492 0.173545 0.042065 0.452875 0.345746 0.092003 0.087469 0.276601 0.141925 0.272547 0.801705 0.324687 0.183415 0.343510 0.468750 0.150765 0.564138 0.308905 0.325303 0.126579 0.227766 0.000734 0.276704 0.345910 0.499533 0.445251 0.765774 0.556497 0.048280 0.341562 0.196997 0.730826 0.789886 0.782800 0.000345 0.137112 0.495545 0.627109 0.140990 0.311146 0.718018 0.782800 0.109239 0.113087 0.782801 0.193757 0.558734 0.024695
0.000000 0.632600 0.000000 0.000000 0.491151 0.335114 0.000000 0.482557 0.000000 0.000000 0.553940 0.551761 0.198441 0.000000 0.489189 0.000000 0.732415 0.000000 0.000000 0.000000 0.132187 0.000000 1.000000 0.000000 0.000000 0.000000 0.291977 0.103100 0.000000 0.000010 0.000000 0.000000 1.000000 0.000000 0.000000 0.000000 0.000000 0.000000 0.000000 0.157642 0.037928 0.000970 1.000000 0.000000 0.000012 0.342570 0.621005 0.000070 0.000220 0.000328 0.184445 0.548615 0.256758 0.000000 0.000000 0.000001 0.815164 0.000000 0.000000 0.377517 0.000307 0.000000 0.000278 0.310596 0.000000 0.474079 0.000000 0.162451 0.378587 0.225271 0.000000 0.000000 0.499243 0.437348 0.463421 0.000000 0.349287 0.109560 0.000000 0.010542 0.000000 0.000000 0.000000 0.000000 0.000000 0.000000 0.000000 0.419894 0.000000 0.000003 0.668934 0.011164 0.000000 0.000000 0.000000 0.000000 0.000000 0.366133 0.000000 0.000000
0.373220 0.000001 0.137501 0.517403 0.051579 0.479772 0.000008 0.452578 0.000000 0.257650 0.637304 0.214762 0.370722 0.000001 0.262107 0.459622 0.369305 0.304725 0.745872 0.298139 0.454664 0.110887 0.000000 0.241618 0.315741 0.000025 0.614723 0.506415 0.104518 0.366714 0.432065 0.654512 0.000000 0.000001 0.318073 0.000000 0.316342 0.851241 0.745604 0.645311 0.542602 0.422472 0.000000 1.000000 0.291726 0.274832 0.538792 0.449609 0.112555 0.440790 0.610957 0.245528 0.441277 0.427380 0.000001 0.870587 0.119856 0.252802 0.396529 0.598192 0.791106 0.816737 0.518728 0.507274 0.136059 0.326733 0.683807 0.257350 0.140990 0.275131 0.321563 0.152188 0.220922 0.000001 0.250081 0.380167 0.546598 0.620965 0.123712 0.257158 0.000000 0.404006 0.426351 0.257047 0.086191 0.000000 0.000001 0.185294 0.432065 0.588215 0.205113 0.472535 0.321560 0.000000 0.000000 0.301527 0.000004 0.263477 0.510561 0.250989
